  1.5 -1.5 -2 1
  
  255  255  255
  255  252  250
  255  250  246
  255  248  242
  255  246  238
  255  244  234
  255  242  230
  255  240  226
  255  238  222
  255  236  218
  255  234  214
  255  232  210
  255  230  206
  255  228  202
  255  226  198
  255  224  194
  255  222  190
  255  220  186
  255  218  182
  255  216  178
  255  214  174
  255  212  170
  255  210  165
  255  208  161
  255  206  157
  255  204  153
  255  202  149
  255  200  145
  255  198  141
  255  196  137
  255  194  133
  255  192  129
  255  190  125
  255  188  121
  255  186  117
  255  184  113
  255  182  109
  255  180  105
  255  178  101
  255  176   97
  255  174   93
  255  172   89
  255  170   85
  255  168   80
  255  166   76
  255  164   72
  255  162   68
  255  160   64
  255  158   60
  255  156   56
  255  154   52
  255  152   48
  255  150   44
  255  148   40
  255  146   36
  255  144   32
  255  142   28
  255  140   24
  255  138   20
  255  136   16
  255  134   12
  255  132    8
  255  130    4
  255  128    0
  253  126    4
  251  124    8
  249  122   12
  247  120   16
  245  118   20
  243  116   24
  241  114   28
  239  112   32
  237  110   36
  235  108   40
  233  106   44
  231  104   48
  229  102   52
  227  100   56
  225   98   60
  223   96   64
  221   94   68
  219   92   72
  217   90   76
  215   88   80
  213   86   84
  211   84   88
  209   82   92
  207   80   96
  205   78  100
  203   76  104
  201   74  108
  199   72  112
  197   70  116
  195   68  120
  193   66  124
  191   64  128
  189   62  132
  187   60  136
  185   58  140
  183   56  144
  181   54  148
  179   52  152
  177   50  156
  175   48  160
  173   46  164
  171   44  168
  170   42  172
  168   40  176
  166   38  180
  164   36  184
  162   34  188
  160   32  192
  158   30  196
  156   28  200
  154   26  204
  152   24  208
  150   22  212
  148   20  216
  146   18  220
  144   16  224
  142   14  228
  140   12  232
  138   10  236
  136    8  240
  134    6  244
  132    4  248
  130    2  252
  128    0  255
  126    1  253
  124    3  251
  122    5  249
  120    7  247
  118    9  245
  116   11  243
  114   13  241
  112   15  239
  110   17  237
  108   19  235
  106   21  233
  104   23  231
  102   25  229
  100   27  227
   98   29  225
   96   31  223
   94   33  221
   92   35  219
   90   37  217
   88   39  215
   86   41  213
   85   43  211
   83   45  209
   81   47  207
   79   49  205
   77   51  203
   75   53  201
   73   55  199
   71   57  197
   69   59  195
   67   61  193
   65   63  191
   63   64  189
   61   66  187
   59   68  185
   57   70  183
   55   72  181
   53   74  179
   51   76  177
   49   78  175
   47   80  173
   45   82  171
   43   84  169
   41   86  167
   39   88  165
   37   90  163
   35   92  161
   33   94  159
   31   96  157
   29   98  155
   27  100  153
   25  102  151
   23  104  149
   21  106  147
   19  108  145
   17  110  143
   15  112  141
   13  114  139
   11  116  137
    9  118  135
    7  120  133
    5  122  131
    3  124  129
    1  126  127
    0  128  125
    0  125  123
    0  123  121
    0  121  119
    0  119  117
    0  117  115
    0  115  113
    0  113  111
    0  111  109
    0  109  107
    0  107  105
    0  105  103
    0  103  101
    0  101   99
    0   99   97
    0   97   95
    0   95   93
    0   93   91
    0   91   89
    0   89   87
    0   87   85
    0   85   83
    0   83   81
    0   81   79
    0   79   77
    0   77   75
    0   75   73
    0   73   71
    0   71   69
    0   69   67
    0   67   65
    0   65   63
    0   62   61
    0   60   59
    0   58   57
    0   56   55
    0   54   53
    0   52   51
    0   50   49
    0   48   47
    0   46   45
    0   44   43
    0   42   41
    0   40   39
    0   38   37
    0   36   35
    0   34   33
    0   32   31
    0   30   29
    0   28   27
    0   26   25
    0   24   23
    0   22   21
    0   20   19
    0   18   17
    0   16   15
    0   14   13
    0   12   11
    0   10    9
    0    8    7
    0    6    5
    0    4    3
    0    2    1
    0    0    0
